18962
18640
19163
19037
19038
18911
18912
18913
18914
18915
18916
18917
18918
18919
18920
18974
18953
18954
18960
18961
18963
19528
19136
19141
19142
19101
19102
19103
19104
19105
19106
19107
19108
19109
19110
19111
19112
18645
18976
18977
18978
18979
19094
19093
19160
18926
18927
18928
18929
18930
18931
18932
18933
18934
18935
19006
19007
19010
19011
19008
19009
19012
19013
19014
19015
19016
19017
19018
19019
19020
19021
19022
19023
19024
19025
19026
19027
19028
19029
19030
19031
19032
19033
19034
19035
19138
19139
19140
1550
19553
19554
19556
19555
19558
1310
19421
19422
19423
19424
19317
19318
19319
19320
19064
19065
19066
19039
19040
19041
19042
19043
19044
19045
19046
19047
19048
19049
19050
19052
19053
19090
19092
19091
19100
19099
18636
18964
18965
18966
18952
19274
18929
18930
18931
18932
18933
18934
18935
18947
18944
18948
18945
18949
18946
18950
18951
18971
18972
18973
18968
18970
19067
19068
19069
19161
19162
18891
18892
18893
18894
18895
18896
18897
18898
18900
18901
18902
18903
18904
18905
18906
18907
18908
18910
18921
18922
18923
18924
19116
19117
19118
19119
19120
19113
19114
19115
19559
339
1242